0.312243	0.58034	0	0	0.312243	0.58034	0.6	0.6	5.19994	0
1.78147	1.02668	20.8997	6.21012	0.862916	0.534212	0.859997	0.600045	5.19975	0.00179686
1.35756	0.754984	2.95433	15.7754	1.17385	0.481073	1.11998	0.600225	5.19943	0.00538996
3.85464	0.548815	25.731	4.13627	0.969149	0.397513	1.37996	0.600629	5.19898	0.0107781
3.85766	0.922887	18.3636	7.83284	1.65063	0.62469	1.6399	0.601347	5.19839	0.0179597
4.6296	0.682237	15.7758	-0.331677	1.62331	0.499091	1.89982	0.60247	5.19766	0.0269323
4.15068	0.763111	10.452	0.0344092	2.18882	0.648739	2.1597	0.604086	5.19678	0.0376932
2.96335	1.03051	3.92618	1.91423	1.96701	0.557117	2.41954	0.606284	5.19573	0.0502389
2.99142	1.09817	3.37293	1.6408	2.65526	0.66598	2.67932	0.609155	5.1945	0.0645654
3.76283	1.28746	6.04047	2.37658	2.92034	0.645898	2.93904	0.612786	5.19309	0.080668
3.84015	1.35873	5.63624	2.12875	3.01222	0.637046	3.19869	0.617267	5.19147	0.0985415
4.10275	1.11423	5.31293	-0.0594203	3.56096	0.485311	3.45825	0.622685	5.18963	0.11818
4.28907	1.03337	5.28533	-0.427098	3.89365	0.311793	3.71772	0.62913	5.18754	0.139576
4.52426	0.971311	5.2046	-0.616547	4.19786	0.698311	3.97708	0.636689	5.18519	0.162724
4.67883	0.927058	4.92133	-0.694859	4.30935	0.578564	4.23632	0.645449	5.18256	0.187614
4.86672	0.854232	4.73238	-0.99369	4.61908	0.68951	4.49542	0.655498	5.17962	0.214238
4.91619	0.790657	4.19814	-1.00216	4.35143	0.899174	4.75437	0.666921	5.17634	0.242587
5.13962	0.68365	4.24987	-1.51915	5.20901	0.66599	5.01315	0.679804	5.1727	0.272649
5.4023	0.61179	4.40398	-1.51191	5.51894	0.648233	5.27175	0.694234	5.16867	0.304413
5.48766	0.470633	4.00135	-2.03959	5.22834	0.639362	5.53013	0.710295	5.16422	0.337868
5.80188	0.375711	4.35605	-2.02169	6.022	0.708619	5.78828	0.728072	5.15932	0.372999
5.9808	0.249813	4.24977	-2.26542	5.89392	0.373584	6.04618	0.747647	5.15393	0.409793
6.25413	0.142194	4.45557	-2.20837	6.34249	0.948833	6.30379	0.769103	5.14803	0.448233
6.55768	0.0171302	4.74467	-2.40843	6.62134	0.836138	6.5611	0.792523	5.14157	0.488305
6.79888	-0.100032	4.78287	-2.35269	6.78214	0.714036	6.81808	0.817988	5.13452	0.52999
7.16173	-0.207933	5.17449	-2.28276	7.29121	0.630741	7.07469	0.845578	5.12685	0.573269
7.33003	-0.320015	4.95843	-2.2	7.13735	0.957217	7.3309	0.875373	5.11851	0.618123
7.81327	-0.433826	5.67595	-2.31815	8.08349	0.819605	7.58668	0.907449	5.10946	0.664531
8.00394	-0.548019	5.45471	-2.24163	7.80533	0.719126	7.84199	0.941886	5.09966	0.712469
8.4045	-0.635	5.8614	-1.97835	8.40453	0.884557	8.0968	0.978759	5.08907	0.761915
8.54799	-0.732447	5.4867	-1.88241	8.24796	0.840322	8.35106	1.01814	5.07766	0.812843
8.84356	-0.822915	5.62014	-1.84823	8.45858	1.41118	8.60472	1.06011	5.06537	0.865226
9.00861	-0.912197	5.3609	-1.7348	8.74615	1.04858	8.85775	1.10473	5.05216	0.919037
9.58907	-0.98057	6.30035	-1.61395	9.8809	1.1419	9.1101	1.15208	5.03798	0.974245
9.69293	-1.06015	5.78359	-1.48897	9.25579	1.04913	9.36172	1.20223	5.0228	1.03082
10.1647	-1.10496	6.36513	-1.19816	10.1016	1.52474	9.61255	1.25524	5.00656	1.08873
10.3611	-1.15871	6.13278	-1.03208	10.0484	1.44598	9.86254	1.31118	4.98922	1.14794
10.7198	-1.11094	6.11809	0.119189	10.5377	1.72555	10.1117	1.37011	4.97074	1.20841
10.8263	-1.09529	5.78971	0.325085	10.2492	1.45907	10.3598	1.4321	4.95106	1.2701
11.077	-1.10935	5.52153	0.0840308	10.9084	1.70343	10.6069	1.49721	4.93014	1.33298
11.127	-1.08208	4.87261	0.438731	10.7313	1.45265	10.853	1.56549	4.90794	1.39701
11.4325	-1.05177	4.98294	0.554024	11.4783	1.42876	11.0979	1.637	4.8844	1.46213
11.6363	-1.01433	4.78539	0.720679	11.587	1.61462	11.3416	1.71179	4.85948	1.52832
11.8133	-0.973561	4.57623	0.758964	11.4763	1.53917	11.584	1.78992	4.83313	1.59551
11.9436	-0.926727	4.24332	0.913553	11.7788	1.74591	11.8251	1.87144	4.80531	1.66366
12.2338	-0.86269	4.44255	1.15765	12.136	2.14937	12.0647	1.95639	4.77598	1.73273
12.3964	-0.797354	4.22504	1.30422	12.3226	1.78353	12.3029	2.04482	4.74508	1.80265
12.6426	-0.717449	4.30677	1.49651	12.5457	1.77728	12.5394	2.13677	4.71257	1.87338
12.7544	-0.635272	3.97684	1.64576	12.5924	2.17509	12.7743	2.23227	4.67842	1.94485
13.1464	-0.538801	4.51532	1.85446	13.2198	2.6644	13.0075	2.33137	4.64258	2.01701
13.261	-0.439064	4.17193	2.00378	13.0875	2.40708	13.2388	2.43409	4.605	2.08981
13.3518	-0.334701	3.82291	2.04467	12.7087	3.12439	13.4682	2.54047	4.56565	2.16317
13.6419	-0.227335	4.07651	2.19331	13.836	2.62479	13.6955	2.65053	4.52448	2.23703
13.9315	-0.112695	4.30996	2.26624	13.8302	2.73893	13.9208	2.7643	4.48147	2.31134
14.1631	0.00635711	4.33211	2.41657	14.2106	2.94205	14.1439	2.88179	4.43656	2.38601
14.5266	0.131988	4.73903	2.49205	14.5568	2.87021	14.3646	3.00303	4.38974	2.46099
14.6492	0.26239	4.40319	2.62622	14.4616	2.90734	14.583	3.12802	4.34097	2.5362
14.9618	0.39714	4.6557	2.67814	14.6754	3.96041	14.7989	3.25679	4.29021	2.61157
15.1284	0.537127	4.45385	2.82847	15.0261	3.5067	15.0122	3.38932	4.23744	2.68703
15.5129	0.678302	4.9034	2.83531	15.3685	4.14761	15.2228	3.52563	4.18263	2.76249
15.6686	0.826232	4.63801	2.98678	15.5236	3.82936	15.4306	3.66572	4.12575	2.83789
15.9327	0.975329	4.72482	2.98531	15.7234	3.4105	15.6355	3.80957	4.06678	2.91315
16.0956	1.13037	4.50641	3.12977	15.9774	4.00094	15.8375	3.95719	4.00571	2.98817
16.4594	1.28495	4.89281	3.11148	16.3376	4.21632	16.0363	4.10854	3.94251	3.0629
16.5652	1.44675	4.49234	3.26218	16.3313	4.44499	16.2319	4.26363	3.87716	3.13723
16.918	1.60919	4.85039	3.25938	16.7586	4.48231	16.4242	4.42242	3.80966	3.21109
16.9556	1.77835	4.267	3.40468	16.6039	4.67344	16.613	4.5849	3.74	3.28438
17.2609	1.9457	4.5228	3.3702	16.9236	5.10119	16.7983	4.75103	3.66817	3.35704
17.3056	2.12062	4.00513	3.52509	16.9955	5.21099	16.9799	4.92077	3.59416	3.42897
17.5719	2.29601	4.18908	3.51618	17.3421	4.64623	17.1579	5.09409	3.51797	3.50008
17.6001	2.47793	3.67312	3.66431	17.2894	5.43542	17.3319	5.27094	3.4396	3.57028
17.8486	2.6606	3.85415	3.65949	17.6463	4.74597	17.5019	5.45128	3.35907	3.63949
17.9458	2.84906	3.57873	3.79829	17.7853	5.62476	17.6679	5.63506	3.27637	3.70762
18.2562	3.03776	3.94698	3.78662	17.9216	6.07151	17.8297	5.82221	3.19151	3.77458
18.3322	3.23292	3.59966	3.93341	18.1263	6.16985	17.9872	6.01269	3.10453	3.84027
18.6292	3.42881	3.92691	3.92688	18.1245	6.79027	18.1402	6.20641	3.01542	3.90462
18.602	3.63138	3.2955	4.07828	18.2164	6.66138	18.2888	6.40332	2.92421	3.96753
18.8879	3.83458	3.63453	4.07246	18.4022	7.02231	18.4328	6.60333	2.83093	4.0289
18.8761	4.04372	3.08816	4.20808	18.5422	6.76013	18.572	6.80638	2.7356	4.08867
19.1902	4.25423	3.53647	4.21405	18.8089	7.24388	18.7064	7.01237	2.63825	4.14672
19.2841	4.47018	3.29841	4.34941	19.1441	7.18344	18.8359	7.22122	2.53893	4.20299
19.38	4.68612	3.10267	4.32695	18.5479	7.4012	18.9604	7.43283	2.43767	4.25737
19.3436	4.90838	2.56237	4.47467	19.0138	7.8688	19.0798	7.64712	2.3345	4.3098
19.6297	5.13218	3.00586	4.47966	19.3089	7.67375	19.1939	7.86397	2.22949	4.36017
19.5426	5.36177	2.33911	4.61758	19.132	8.12845	19.3028	8.08329	2.12266	4.40842
19.6873	5.59314	2.41614	4.62474	19.0239	8.17194	19.4062	8.30497	2.01409	4.45445
19.6388	5.82929	1.93989	4.74829	19.347	8.30741	19.5042	8.5289	1.90381	4.49819
19.9254	6.06665	2.47247	4.75179	19.6843	8.35902	19.5966	8.75494	1.7919	4.53956
20.0311	6.30908	2.41742	4.88036	20.0039	8.8906	19.6835	8.983	1.67841	4.57848
20.2749	6.55181	2.76214	4.86559	19.6061	9.48659	19.7645	9.21294	1.56341	4.61488
20.3183	6.80019	2.49367	4.9981	20.1574	9.45949	19.8398	9.44463	1.44697	4.64869
20.4689	7.04821	2.56562	4.97338	19.6163	9.76606	19.9093	9.67795	1.32916	4.67984
20.4352	7.30198	2.11087	5.10325	20.1573	9.90876	19.9728	9.91275	1.21005	4.70826
20.6024	7.55642	2.28264	5.09472	19.1911	11.5493	20.0303	10.1489	1.08972	4.73389
20.514	7.81638	1.71578	5.22681	20.166	10.4687	20.0818	10.3863	0.968259	4.75666
20.6293	8.0765	1.79795	5.211	19.6775	10.803	20.1271	10.6247	0.845742	4.77652
20.5905	8.34218	1.43656	5.34386	20.371	11.0109	20.1663	10.864	0.722256	4.7934
20.7628	8.60869	1.71741	5.33631	19.4335	12.3402	20.1993	11.1041	0.597892	4.80727
20.6525	8.88034	1.16962	5.45921	20.3164	11.3483	20.2261	11.3449	0.472738	4.81807
20.6595	9.15161	1.02421	5.43568	19.2063	12.2418	20.2466	11.5861	0.346889	4.82575
20.6742	9.42811	0.91931	5.56078	20.6141	11.9422	20.2608	11.8275	0.220439	4.83027
20.779	9.70583	1.08391	5.5573	19.966	11.9688	20.2687	12.0692	0.093487	4.83159
20.6458	9.98856	0.561447	5.68216	20.3263	12.4966	20.2701	12.3108	-0.0338694	4.82968
20.7665	10.2711	0.820364	5.66281	20.0192	12.4823	20.2652	12.5522	-0.161529	4.82451
20.6927	10.5587	0.499417	5.77892	20.498	12.8924	20.254	12.7933	-0.28939	4.81605
20.948	10.8462	1.14414	5.7619	20.9151	12.2555	20.2363	13.0339	-0.417348	4.80428
20.7053	11.1383	0.312185	5.86306	20.1943	13.1688	20.2122	13.2738	-0.545298	4.78918
20.7641	11.4302	0.432614	5.84646	19.858	13.5236	20.1818	13.5129	-0.673135	4.77072
20.6145	11.7267	-0.043142	5.95409	20.3245	13.8896	20.1449	13.7509	-0.800753	4.74892
20.7395	12.0228	0.311999	5.93407	20.3387	13.5307	20.1017	13.9878	-0.928043	4.72374
20.5197	12.3235	-0.339923	6.03427	20.1216	14.337	20.0521	14.2233	-1.0549	4.69521
20.5321	12.6238	-0.258393	6.01599	19.6717	14.4038	19.9962	14.4573	-1.18121	4.66331
20.2446	12.9283	-1.01777	6.10781	19.781	14.773	19.934	14.6897	-1.30687	4.62805
20.2809	13.2327	-0.774494	6.09594	20.1149	14.0165	19.8655	14.9202	-1.43177	4.58944
20.1593	13.5406	-1.00443	6.17872	20.0208	15.2053	19.7908	15.1486	-1.55581	4.54751
20.3015	13.8469	-0.46825	6.14552	20.0157	15.3443	19.7099	15.3749	-1.67887	4.50226
20.1415	14.1569	-0.845478	6.21506	19.9131	15.554	19.6229	15.5989	-1.80085	4.45372
20.148	14.4656	-0.709659	6.18761	19.9388	15.0864	19.5298	15.8203	-1.92164	4.40193
19.8738	14.7774	-1.3674	6.24901	19.4748	16.0098	19.4307	16.039	-2.04114	4.3469
19.7838	15.0883	-1.42764	6.22719	19.1556	16.0022	19.3257	16.2549	-2.15925	4.28868
19.5344	15.4014	-1.91747	6.27046	19.238	16.2719	19.2148	16.4679	-2.27586	4.22731
19.5166	15.713	-1.70051	6.24596	19.4007	16.2962	19.0981	16.6777	-2.39087	4.16284
19.2702	16.0269	-2.14376	6.28633	19.0029	16.8387	18.9757	16.8841	-2.50418	4.0953
19.3022	16.3385	-1.75761	6.25102	18.8373	17.7112	18.8477	17.0872	-2.61571	4.02476
18.9881	16.6526	-2.37792	6.2874	18.6148	17.3832	18.7142	17.2866	-2.72534	3.95127
18.8675	16.9655	-2.38261	6.26825	18.8177	17.0316	18.5752	17.4822	-2.83299	3.87489
18.5041	17.2796	-3.05143	6.28189	18.1023	17.5529	18.4309	17.674	-2.93858	3.79568
18.3187	17.5922	-3.14232	6.262	18.2749	17.4877	18.2814	17.8617	-3.042	3.71372
18.1797	17.9056	-3.09296	6.26898	18.2094	18.0461	18.1268	18.0453	-3.14318	3.62906
17.9741	18.2166	-3.23371	6.23643	18.3021	17.498	17.9671	18.2246	-3.24204	3.5418
17.8465	18.5278	-3.14056	6.22104	17.9018	18.2183	17.8026	18.3994	-3.3385	3.45199
17.8231	18.8365	-2.77096	6.18979	18.8558	18.1364	17.6334	18.5697	-3.43247	3.35973
17.5702	19.1452	-3.08242	6.16791	17.3845	18.7039	17.4595	18.7353	-3.5239	3.26509
17.2829	19.4507	-3.44971	6.12786	17.7945	18.0801	17.281	18.8962	-3.61271	3.16817
17.1358	19.7555	-3.37999	6.08471	17.1762	18.8863	17.0983	19.0521	-3.69883	3.06904
16.9107	20.0569	-3.53474	6.0468	16.9398	19.7311	16.9113	19.203	-3.78221	2.9678
16.6726	20.3568	-3.70045	5.98205	16.5734	19.052	16.7201	19.3488	-3.86278	2.86455
16.3626	20.6529	-4.04448	5.94003	16.1674	20.2201	16.5251	19.4894	-3.9405	2.75938
16.1889	20.9474	-3.96597	5.87402	16.2338	19.6171	16.3262	19.6246	-4.01531	2.65237
15.6352	21.2378	-4.94304	5.82749	16.4366	18.2742	16.1237	19.7545	-4.08716	2.54364
15.5956	21.526	-4.37945	5.74532	15.9243	19.8703	15.9176	19.8789	-4.15602	2.43329
15.144	21.8105	-5.01779	5.70697	16.2328	19.2166	15.7082	19.9978	-4.22185	2.32141
15.1029	22.0922	-4.4489	5.61231	15.4332	20.1836	15.4956	20.111	-4.28461	2.2081
14.6465	22.3696	-5.09048	5.56698	14.3677	21.3406	15.2799	20.2185	-4.34427	2.09347
14.7073	22.6437	-4.23684	5.45758	15.2016	20.4385	15.0613	20.3203	-4.4008	1.97763
14.1118	22.9126	-5.28732	5.40228	14.7476	19.9571	14.84	20.4162	-4.4542	1.86068
14.1674	23.1778	-4.42193	5.27487	14.6665	20.6088	14.6161	20.5063	-4.50443	1.74272
13.5852	23.4372	-5.40934	5.21459	13.841	21.0031	14.3897	20.5904	-4.55149	1.62386
13.6038	23.6921	-4.62824	5.06108	14.0521	20.5924	14.1611	20.6686	-4.59537	1.50421
13.0137	23.9405	-5.60772	4.99709	13.8232	20.859	13.9304	20.7408	-4.63606	1.38386
13.0225	24.1839	-4.82709	4.82589	13.4686	20.7253	13.6977	20.807	-4.67357	1.26294
12.4003	24.4198	-5.86552	4.75239	13.8263	20.4261	13.4632	20.8671	-4.70789	1.14153
12.5013	24.6502	-4.80323	4.56335	13.1072	20.8294	13.2271	20.9211	-4.73904	1.01975
11.9142	24.873	-5.74812	4.48974	13.2669	21.1579	12.9895	20.969	-4.76702	0.897694
12.1191	25.0899	-4.42349	4.29036	12.8729	21.0592	12.7506	21.0108	-4.79186	0.775469
11.3908	25.2981	-5.80361	4.20409	11.5171	21.6724	12.5106	21.0465	-4.81358	0.653175
11.5387	25.5001	-4.62556	3.98709	12.2062	21.11	12.2695	21.0761	-4.83219	0.530912
10.8863	25.6928	-5.77002	3.89661	12.3859	21.1066	12.0276	21.0996	-4.84773	0.408778
11.0281	25.8783	-4.61323	3.64935	11.6814	20.8651	11.785	21.117	-4.86022	0.286869
10.2624	26.0537	-6.06599	3.55262	11.5265	20.6748	11.5418	21.1283	-4.86971	0.165281
10.5177	26.2217	-4.56712	3.29851	11.363	21.0688	11.2982	21.1335	-4.87623	0.0441057
9.67377	26.379	-6.23681	3.19366	10.5558	20.5567	11.0544	21.1327	-4.87982	-0.076565
9.97123	26.5282	-4.60314	2.91782	10.8903	20.927	10.8105	21.1259	-4.88053	-0.196643
9.12983	26.667	-6.25983	2.82001	9.30535	21.3896	10.5666	21.1131	-4.8784	-0.31604
9.36502	26.7975	-4.7908	2.54522	10.189	21.209	10.3229	21.0943	-4.87349	-0.434674
8.64571	26.917	-6.08949	2.43868	9.97958	21.2932	10.0795	21.0697	-4.86585	-0.552463
9.00348	27.0276	-4.31693	2.14178	9.99634	20.9797	9.83658	21.0391	-4.85554	-0.669327
8.26124	27.1271	-5.74045	2.0367	9.38223	21.111	9.59422	21.0028	-4.84262	-0.785189
8.60172	27.217	-4.06081	1.72552	9.53921	20.8762	9.35258	20.9607	-4.82714	-0.899977
7.93102	27.2938	-5.32383	1.59619	9.63392	20.9724	9.11177	20.9128	-4.80919	-1.01362
8.08239	27.3616	-4.20421	1.27654	8.70331	20.8221	8.87192	20.8594	-4.78881	-1.12605
7.42383	27.4161	-5.41359	1.1486	9.84634	20.009	8.63315	20.8003	-4.76608	-1.2372
7.58369	27.4607	-4.25965	0.808448	8.22277	20.4839	8.39557	20.7358	-4.74108	-1.34701
6.87754	27.4916	-5.58964	0.677958	8.29647	20.4978	8.1593	20.6657	-4.71387	-1.45542
7.11679	27.5125	-4.20119	0.334148	7.88599	20.45	7.92445	20.5903	-4.68453	-1.56237
6.49488	27.5187	-5.3105	0.192373	8.29081	20.6565	7.69111	20.5096	-4.65313	-1.66781
6.6133	27.5154	-4.28095	-0.153495	7.18029	20.392	7.45939	20.4237	-4.61975	-1.7717
5.92265	27.4989	-5.56416	-0.273981	7.09214	20.1196	7.22939	20.3326	-4.58448	-1.87399
6.11719	27.4719	-4.29857	-0.626738	6.81542	20.1859	7.00119	20.2364	-4.54738	-1.97462
5.49442	27.4324	-5.39535	-0.737623	6.89359	20.1536	6.7749	20.1352	-4.50854	-2.07357
5.69521	27.3822	-4.1357	-1.09342	6.38914	20.0137	6.55059	20.0292	-4.46805	-2.17079
5.1375	27.3192	-5.07804	-1.20448	6.67637	20.2142	6.32834	19.9183	-4.42598	-2.26625
5.27937	27.2457	-4.01679	-1.56124	5.86119	19.8306	6.10823	19.8027	-4.38241	-2.35993
4.64238	27.1583	-5.18792	-1.68619	5.28178	19.5036	5.89034	19.6824	-4.33744	-2.45178
4.91209	27.0605	-3.77188	-2.04479	5.69089	19.5755	5.67472	19.5577	-4.29114	-2.5418
4.39334	26.9504	-4.65554	-2.14843	5.9506	18.9859	5.46145	19.4284	-4.24359	-2.62995
4.56994	26.8298	-3.55689	-2.50076	5.17021	19.4397	5.25059	19.2948	-4.19488	-2.71622
4.13713	26.701	-4.23705	-2.54832	5.87397	19.301	5.04219	19.157	-4.1451	-2.80059
4.31751	26.5601	-3.18259	-2.90761	4.89149	18.982	4.8363	19.015	-4.09432	-2.88305
3.7777	26.4086	-4.20042	-2.98702	3.98679	19.0452	4.63297	18.8689	-4.04263	-2.96359
3.93422	26.246	-3.21222	-3.33662	4.4685	18.834	4.43224	18.7188	-3.99012	-3.0422
3.51308	26.0805	-3.90486	-3.31269	4.69245	18.4634	4.23416	18.5648	-3.93685	-3.11888
3.70171	25.9016	-2.87065	-3.66092	4.26269	18.481	4.03876	18.4071	-3.88293	-3.19362
3.2486	25.7115	-3.6951	-3.75112	3.42434	18.8357	3.84606	18.2457	-3.82841	-3.26644
3.2274	25.5109	-3.24336	-4.09476	3.45919	18.167	3.65611	18.0807	-3.77339	-3.33732
2.90551	25.3156	-3.66356	-3.95583	4.3011	17.9267	3.46891	17.9122	-3.71795	-3.40627
2.88724	25.1048	-3.21093	-4.3	3.12525	17.7493	3.28449	17.7402	-3.66215	-3.47331
2.48457	24.8926	-3.85354	-4.2512	2.65664	17.888	3.10287	17.565	-3.60609	-3.53844
2.55769	24.6675	-3.13259	-4.57181	2.9449	17.8154	2.92405	17.3866	-3.54982	-3.60167
2.2699	24.4428	-3.47435	-4.50366	3.26647	17.0897	2.74805	17.2051	-3.49344	-3.66302
2.28336	24.2044	-2.96078	-4.83735	2.55407	17.0853	2.57486	17.0205	-3.437	-3.72251
1.98982	23.9886	-3.3399	-4.46172	2.55039	16.8884	2.4045	16.833	-3.38059	-3.78014
1.99921	23.752	-2.85373	-4.78901	2.25371	16.8334	2.23695	16.6427	-3.32428	-3.83595
1.65495	23.5373	-3.38304	-4.428	1.57735	16.0489	2.07221	16.4497	-3.26812	-3.88995
1.65113	23.3008	-2.92456	-4.77416	1.88972	16.1054	1.91027	16.254	-3.21219	-3.94216
1.40164	23.0877	-3.19012	-4.39924	1.74362	16.2687	1.75112	16.0557	-3.15656	-3.99261
1.32642	22.8524	-2.94862	-4.73286	1.44745	16.0853	1.59474	15.8549	-3.10129	-4.04132
1.12375	22.6201	-3.08393	-4.6381	1.6097	15.5526	1.44111	15.6517	-3.04644	-4.08832
1.05642	22.37	-2.83473	-4.99523	1.18395	15.4284	1.29021	15.4463	-2.99207	-4.13364
0.82662	22.1518	-3.05878	-4.52911	0.828993	15.528	1.14201	15.2386	-2.93825	-4.1773
0.693219	21.9023	-2.98743	-4.91464	0.722706	15.0075	0.996486	15.0288	-2.88503	-4.21933
0.552208	21.7025	-2.95267	-4.24547	1.03147	15.2134	0.853604	14.8169	-2.83246	-4.25977
0.533555	21.4558	-2.58966	-4.6935	0.737301	14.7047	0.71333	14.603	-2.78061	-4.29864
0.404712	21.2044	-2.5715	-4.7554	0.722177	14.2445	0.575628	14.3872	-2.72952	-4.33598
0.260791	20.9123	-2.58953	-5.30782	0.253435	14.2029	0.440459	14.1696	-2.67925	-4.37181
0.0811275	20.6237	-2.70889	-5.26838	-0.0328023	13.9604	0.307779	13.9502	-2.62984	-4.40617
0.135606	20.2331	-2.17437	-6.1975	0.459172	13.6856	0.177545	13.7292	-2.58135	-4.43909
-0.0101652	19.947	-2.25978	-5.1762	0.0524412	13.6377	0.0497099	13.5065	-2.53381	-4.47061
-0.173754	19.4185	-2.35677	-6.62814	-0.190344	13.2856	-0.0757753	13.2823	-2.48728	-4.50075
-0.339039	18.5366	-2.44021	-8.95808	-0.275043	13.1456	-0.198962	13.0566	-2.44179	-4.52955
-0.25068	17.7306	-1.85312	-11.2273	0.0462308	12.9301	-0.319903	12.8295	-2.39739	-4.55704
-0.482589	15.3501	-2.27857	-18.6063	-0.684792	12.3563	-0.438654	12.6011	-2.35412	-4.58326
-0.539563	14.2104	-2.11823	-19.8287	-0.476482	12.3633	-0.555273	12.3714	-2.31202	-4.60823
-0.741911	11.1243	-2.4609	-29.3272	-0.972122	12.5207	-0.669818	12.1404	-2.27111	-4.63198
-0.769197	9.72644	-2.21611	-28.7071	-0.582624	12.0386	-0.78235	11.9083	-2.23144	-4.65456
-1.21473	6.10774	-3.48047	-42.7585	-1.26757	11.6495	-0.892931	11.6751	-2.19304	-4.67598
-1.38407	4.09344	-3.5259	-41.398	-1.17212	11.3988	-1.00163	11.4409	-2.15594	-4.69628
0.347101	1.06565	1.13095	-48.6991	-0.891441	10.959	-1.1085	11.2057	-2.12017	-4.71549
-0.348029	-1.22298	-1.21841	-47.1502	-1.39289	11.0424	-1.21362	10.9695	-2.08575	-4.73364
7.61715	1.11931	33.7813	22.9283	-1.29894	10.9012	-1.31706	10.7324	-2.05273	-4.75075
7.02822	2.4973	25.7882	23.598	-1.49687	10.4198	-1.41889	10.4945	-2.02111	-4.76686
7.27735	3.54025	22.0976	22.2991	-1.59293	10.0212	-1.51917	10.2559	-1.99093	-4.78198
5.61263	4.65294	12.6004	22.145	-1.61875	10.2374	-1.61797	10.0165	-1.96221	-4.79615
4.3309	5.55372	6.37639	19.6132	-1.59702	9.96554	-1.71539	9.77637	-1.93498	-4.80939
2.57269	6.55384	-0.211666	19.8664	-1.73381	9.71347	-1.81147	9.53564	-1.90924	-4.82172
0.810167	7.06118	-5.83359	13.1253	-2.27191	9.37316	-1.90631	9.29431	-1.88502	-4.83316
-0.315225	7.72016	-8.32398	13.1499	-1.93833	8.77028	-1.99998	9.05243	-1.86233	-4.84374
0.335119	9.63318	-5.51637	27.8896	-1.96565	9.13274	-2.09256	8.81003	-1.8412	-4.85347
-0.669361	11.0193	-7.6142	27.678	-2.1768	8.5411	-2.18412	8.56717	-1.82164	-4.86238
-2.09134	14.0436	-10.168	40.8049	-2.65862	8.19477	-2.27474	8.32388	-1.80365	-4.87047
-2.44278	16.024	-9.69382	39.9396	-2.21875	8.15339	-2.3645	8.0802	-1.78726	-4.87778
-2.59124	18.9022	-8.72513	48.5625	-2.273	8.52315	-2.45348	7.83617	-1.77248	-4.8843
-2.85753	21.2805	-8.20084	47.5459	-2.59674	7.60288	-2.54177	7.59184	-1.75931	-4.89006
-2.66703	25.0425	-6.54608	63.3822	-3.08256	7.38874	-2.62944	7.34723	-1.74777	-4.89507
-2.88597	28.1319	-6.17229	61.8679	-2.79865	7.064	-2.71658	7.10238	-1.73786	-4.89933
-0.450269	25.6812	6.57657	-9.65485	-2.79412	7.20818	-2.80326	6.85734	-1.72958	-4.90286
-1.23939	24.9922	3.3913	-11.62	-2.74651	6.86867	-2.88957	6.61214	-1.72295	-4.90566
-1.23411	24.7085	3.01946	-8.82214	-2.57673	6.36755	-2.97559	6.36681	-1.71797	-4.90774
-1.80585	24.2162	1.07002	-9.91502	-2.90217	6.22989	-3.0614	6.12139	-1.71464	-4.90911
-2.18751	24.173	-0.542772	-3.20933	-3.50172	6.10796	-3.14709	5.87592	-1.71297	-4.90976
-2.6543	23.8006	-1.88198	-5.2541	-3.1778	5.53101	-3.23274	5.63043	-1.71295	-4.9097
-2.65364	23.4938	-1.60564	-5.70102	-3.19736	5.19093	-3.31843	5.38496	-1.71458	-4.90893
-2.97628	23.1302	-2.17853	-7.28596	-3.43031	5.10507	-3.40424	5.13955	-1.71787	-4.90745
-2.96708	22.709	-1.82536	-7.96275	-3.4281	4.94644	-3.49026	4.89422	-1.72281	-4.90525
-3.29951	22.2608	-2.4307	-9.08655	-3.69435	4.52196	-3.57657	4.64902	-1.72939	-4.90233
-3.35128	21.7347	-2.21635	-9.98527	-3.50501	4.17643	-3.66325	4.40398	-1.73763	-4.89868
-3.66337	21.1929	-2.72067	-10.9902	-4.00238	4.04684	-3.75039	4.15913	-1.74749	-4.8943
-3.80743	20.5741	-2.72143	-11.8754	-4.06447	4.10977	-3.83806	3.91452	-1.75899	-4.88918
-3.90656	19.9428	-2.59551	-12.7841	-3.88053	3.75177	-3.92635	3.67019	-1.77212	-4.8833
-4.11737	19.2213	-2.79675	-13.8474	-4.23729	3.88878	-4.01533	3.42616	-1.78686	-4.87666
-4.20269	18.4946	-2.62392	-14.688	-4.15119	3.21968	-4.10509	3.18248	-1.8032	-4.86925
-4.64158	17.6756	-3.44186	-15.7915	-4.27467	2.88187	-4.19571	2.93919	-1.82113	-4.86104
-4.60906	16.8545	-2.86902	-16.5672	-4.32451	2.55034	-4.28727	2.69633	-1.84065	-4.85202
-5.18866	15.9496	-4.04022	-17.5734	-4.38481	2.39989	-4.37985	2.45393	-1.86173	-4.84218
-5.07538	15.043	-3.17216	-18.2644	-4.61223	2.09192	-4.47352	2.21205	-1.88436	-4.83149
-5.73426	14.0595	-4.52368	-19.1951	-4.29257	1.92854	-4.56836	1.97072	-1.90853	-4.81994
-5.5277	13.0752	-3.33838	-19.8026	-4.86829	1.53442	-4.66444	1.72998	-1.93422	-4.80751
-6.52626	12.0235	-5.60517	-20.6324	-4.98165	1.43611	-4.76186	1.48989	-1.9614	-4.79417
-5.98095	10.9705	-3.35156	-21.1396	-4.66779	1.28643	-4.86066	1.25049	-1.99007	-4.7799
-6.98225	9.86089	-5.63686	-21.856	-4.98594	1.10894	-4.96095	1.01182	-2.02019	-4.76468
-6.35291	8.75	-3.13571	-22.2702	-4.85498	0.825661	-5.06277	0.77393	-2.05174	-4.74848
-7.5076	7.59121	-5.89107	-22.8987	-4.84736	0.18101	-5.16621	0.536876	-2.08471	-4.73127
-6.81165	6.43119	-3.15168	-23.2228	-5.1231	0.257311	-5.27133	0.300706	-2.11906	-4.71303
-7.84137	5.23886	-5.57872	-23.6658	-5.99809	-0.290765	-5.3782	0.0654719	-2.15477	-4.69374
-7.09746	4.04423	-2.72849	-23.8883	-5.29972	-0.212982	-5.4869	-0.168772	-2.1918	-4.67335
2.57082	2.80108	24.7749	-24.1809	-5.64447	-0.144522	-5.59748	-0.401971	-2.23014	-4.65185
0.341923	1.59806	15.0904	-24.2713	-5.85359	-0.445801	-5.71001	-0.634069	-2.26974	-4.62919
4.17931	0.325273	3.45	-26.0626	-5.30947	-0.724468	-5.82456	-0.865006	-2.31058	-4.60536
3.17407	-1.39401	0.925241	-29.3326	-5.87835	-1.26863	-5.94118	-1.09472	-2.35262	-4.58032
1.55796	-2.69011	-5.61448	-25.5432	-5.68069	-1.52871	-6.05993	-1.32316	-2.39581	-4.55404
0.510574	-3.92736	-9.07798	-24.6391	-6.27263	-1.50938	-6.18087	-1.55025	-2.44014	-4.52648
-1.59861	-3.19096	-13.4763	4.14885	-6.11355	-1.75966	-6.30406	-1.77593	-2.48555	-4.49762
-3.00263	-2.89272	-16.6226	4.86925	-6.34007	-2.13685	-6.42954	-2.00014	-2.532	-4.46742
-4.78842	-2.76342	-20.6669	3.95749	-6.99344	-2.17445	-6.55738	-2.22281	-2.57946	-4.43585
-6.05977	-2.5721	-21.5772	3.91677	-6.79288	-2.4458	-6.68761	-2.44386	-2.62788	-4.40288
-7.16527	-2.4601	-21.621	2.9291	-7.14408	-2.67584	-6.82029	-2.66323	-2.6772	-4.36847
-7.79557	-2.31513	-20.1274	2.83529	-6.8003	-3.10086	-6.95546	-2.88084	-2.7274	-4.3326
-8.27204	-2.24718	-18.4741	1.85155	-7.13937	-3.22028	-7.09316	-3.09663	-2.7784	-4.29523
-8.48139	-2.15236	-16.333	1.81149	-7.12118	-3.26434	-7.23344	-3.3105	-2.83017	-4.25632
-8.87019	-2.1339	-15.0689	0.831102	-7.77186	-4.08999	-7.37632	-3.5224	-2.88265	-4.21586
-8.86534	-2.08988	-12.9293	0.772919	-7.49009	-3.49081	-7.52184	-3.73223	-2.93579	-4.1738
-8.91442	-2.12279	-11.2414	-0.217355	-7.52393	-3.88213	-7.67004	-3.93992	-2.98953	-4.13012
-8.9116	-2.13239	-9.70194	-0.309911	-7.88049	-4.29783	-7.82094	-4.14538	-3.04381	-4.08479
-9.06121	-2.23385	-8.73465	-1.46987	-8.08524	-4.57834	-7.97457	-4.34854	-3.09857	-4.03778
-9.06062	-2.30473	-7.58619	-1.56806	-8.22492	-4.79812	-8.13095	-4.5493	-3.15376	-3.98906
-8.79746	-2.57809	-4.33831	-4.15188	-8.453	-4.95621	-8.2901	-4.74759	-3.2093	-3.93862
-8.86395	-2.8081	-4.17151	-4.43162	-8.33552	-5.1059	-8.45204	-4.94331	-3.26514	-3.88641
-8.95319	-3.01898	-3.85362	-4.39198	-8.55062	-4.79248	-8.61678	-5.13637	-3.32121	-3.83242
-9.05884	-3.24827	-3.59675	-4.59573	-8.91477	-5.51752	-8.78433	-5.32669	-3.37745	-3.77663
-9.24686	-3.47492	-3.59939	-4.55664	-9.04115	-5.69364	-8.95469	-5.51417	-3.43377	-3.71901
-9.30493	-3.7077	-3.24568	-4.65649	-9.03391	-5.80267	-9.12788	-5.69872	-3.49012	-3.65955
-9.33537	-3.93848	-2.85909	-4.6158	-8.86897	-5.41973	-9.30388	-5.88026	-3.54643	-3.59823
-9.41798	-4.17308	-2.67019	-4.70001	-9.30811	-5.82368	-9.4827	-6.05868	-3.60261	-3.53503
-9.70177	-4.41022	-3.09379	-4.74438	-9.80646	-6.41174	-9.66432	-6.23389	-3.6586	-3.46994
-9.77198	-4.65178	-2.83278	-4.83956	-9.62547	-6.55958	-9.84874	-6.4058	-3.71431	-3.40295
-10.2051	-4.89537	-3.66871	-4.88963	-10.6688	-6.35543	-10.0359	-6.57431	-3.76969	-3.33404
-10.3259	-5.14353	-3.47584	-4.97383	-10.2246	-6.83402	-10.2259	-6.73933	-3.82463	-3.26321
-10.4855	-5.38966	-3.42784	-4.93751	-10.2205	-6.71044	-10.4186	-6.90075	-3.87907	-3.19046
-10.6906	-5.63944	-3.50908	-5.01936	-10.7616	-7.29159	-10.614	-7.05849	-3.93293	-3.11577
-10.9308	-5.88674	-3.68818	-4.97564	-10.8944	-6.83335	-10.8121	-7.21245	-3.98613	-3.03916
-11.1507	-6.138	-3.77603	-5.04644	-11.2219	-7.56979	-11.0128	-7.36252	-4.03859	-2.96062
-11.3017	-6.3835	-3.6648	-4.95148	-10.986	-7.3707	-11.2161	-7.50862	-4.09021	-2.88015
-11.3395	-6.63396	-3.25259	-5.00369	-11.0934	-7.6776	-11.422	-7.65064	-4.14093	-2.79777
-11.5198	-6.88049	-3.29993	-4.9559	-11.4213	-7.46085	-11.6304	-7.78849	-4.19066	-2.71349
-11.6256	-7.1299	-3.13101	-4.98992	-11.5269	-7.8215	-11.8413	-7.92208	-4.23932	-2.6273
-11.869	-7.37303	-3.37228	-4.91056	-11.9422	-7.88317	-12.0546	-8.05131	-4.28682	-2.53924
-12.0559	-7.61933	-3.41976	-4.93358	-12.09	-8.08828	-12.2702	-8.17609	-4.33309	-2.44932
-12.3036	-7.86356	-3.63383	-4.90602	-12.4462	-8.02117	-12.4881	-8.29633	-4.37802	-2.35756
-12.4621	-8.10927	-3.56856	-4.91359	-12.4231	-8.2599	-12.7082	-8.41193	-4.42156	-2.26399
-12.6574	-8.34568	-3.61556	-4.79021	-12.7461	-8.19449	-12.9304	-8.5228	-4.4636	-2.16863
-13.005	-8.58437	-4.07636	-4.79256	-13.2911	-8.64594	-13.1547	-8.62886	-4.50407	-2.07151
-13.3428	-8.81438	-4.45035	-4.67278	-13.7929	-8.47158	-13.381	-8.73002	-4.54289	-1.97267
-13.4995	-9.04759	-4.2724	-4.65058	-13.384	-8.57583	-13.6092	-8.82619	-4.57997	-1.87214
-13.5978	-9.2637	-3.9515	-4.42032	-13.6376	-8.26344	-13.8392	-8.91729	-4.61524	-1.76997
-13.8709	-9.48325	-4.16436	-4.39542	-13.9959	-8.99264	-14.0709	-9.00324	-4.64861	-1.6662
-14.1003	-9.69483	-4.22542	-4.28742	-14.4737	-8.79552	-14.3043	-9.08395	-4.68001	-1.56086
-14.3566	-9.90749	-4.35638	-4.25145	-14.4273	-9.1875	-14.5391	-9.15936	-4.70936	-1.45402
-14.492	-10.1042	-4.12631	-4.03089	-14.5757	-9.32634	-14.7754	-9.22939	-4.73658	-1.34573
-14.8378	-10.3021	-4.52484	-3.96603	-15.062	-9.04396	-15.013	-9.29397	-4.76161	-1.23603
-15.1285	-10.4786	-4.69757	-3.68075	-15.6189	-9.69365	-15.2517	-9.35302	-4.78436	-1.125
-15.4825	-10.6587	-5.04348	-3.62024	-15.6682	-9.56749	-15.4916	-9.40649	-4.80476	-1.01269
-15.488	-10.7426	-3.89416	-2.22393	-15.9382	-9.35751	-15.7324	-9.45431	-4.82275	-0.899159
-15.8582	-10.8321	-4.44193	-2.02929	-16.0862	-9.59819	-15.9741	-9.49642	-4.83827	-0.784484
-16.0098	-10.9383	-4.24927	-2.04499	-16.6033	-8.85459	-16.2164	-9.53277	-4.85124	-0.668734
-16.2695	-11.0364	-4.33184	-1.94283	-16.4229	-9.37029	-16.4594	-9.5633	-4.8616	-0.55198
-16.2203	-11.1364	-3.63177	-2.02623	-16.011	-9.33486	-16.7027	-9.58797	-4.8693	-0.434301
-16.6277	-11.2344	-4.22038	-1.90685	-17.1132	-9.43043	-16.9464	-9.60673	-4.87427	-0.315773
-16.8091	-11.3293	-4.13591	-1.90376	-16.9255	-10.8571	-17.1903	-9.61954	-4.87646	-0.196479
-17.1898	-11.4219	-4.60381	-1.80516	-17.5448	-9.57485	-17.4342	-9.62636	-4.87583	-0.0765024
-17.3866	-11.5175	-4.50484	-1.8769	-18.1371	-9.39146	-17.6781	-9.62717	-4.87232	0.0440703
-17.7365	-11.6072	-4.84185	-1.75487	-17.9724	-9.42299	-17.9216	-9.62194	-4.86588	0.165151
-17.7978	-11.7011	-4.32097	-1.84743	-18.3083	-9.18778	-18.1648	-9.61064	-4.85648	0.286648
-18.1055	-11.7894	-4.56507	-1.73186	-18.2763	-9.60997	-18.4074	-9.59325	-4.84408	0.40847
-18.0496	-11.8779	-3.75514	-1.77538	-18.2443	-9.58547	-18.6493	-9.56977	-4.82864	0.530522
-18.4968	-11.9631	-4.45921	-1.64877	-18.9545	-9.51544	-18.8904	-9.54017	-4.81012	0.652707
-18.3796	-12.0469	-3.49728	-1.69052	-18.6983	-9.02886	-19.1305	-9.50447	-4.78851	0.774927
-18.8246	-12.1265	-4.22371	-1.53027	-19.2983	-9.09865	-19.3694	-9.46265	-4.76378	0.897083
-18.8535	-12.2074	-3.70792	-1.59997	-19.7037	-8.79906	-19.6069	-9.41472	-4.73591	1.01907
-19.342	-12.2822	-4.52014	-1.42617	-19.8731	-8.96417	-19.8431	-9.36071	-4.70487	1.1408
-19.3251	-12.3576	-3.83705	-1.49688	-20.3815	-7.6755	-20.0775	-9.30061	-4.67066	1.26215
-19.7523	-12.4275	-4.47064	-1.34619	-20.1607	-9.59663	-20.3102	-9.23446	-4.63328	1.38303
-19.7962	-12.498	-3.96606	-1.3961	-20.4587	-9.7448	-20.5409	-9.16227	-4.59271	1.50334
-20.2358	-12.5614	-4.61168	-1.20758	-20.6596	-8.91527	-20.7696	-9.08409	-4.54895	1.62296
-20.3395	-12.6262	-4.25436	-1.27185	-21.5568	-8.5005	-20.9959	-8.99994	-4.50202	1.74179
-20.7213	-12.6827	-4.70392	-1.07306	-21.0195	-8.85081	-21.2198	-8.90987	-4.45191	1.85972
-20.7766	-12.7408	-4.19868	-1.13908	-21.8628	-8.64129	-21.4412	-8.81393	-4.39865	1.97666
-21.1739	-12.7906	-4.70052	-0.937652	-21.5029	-8.87191	-21.6597	-8.71217	-4.34224	2.0925
-21.0218	-12.8427	-3.61552	-1.02174	-21.9514	-7.41274	-21.8754	-8.60465	-4.2827	2.20712
-21.4866	-12.8861	-4.38342	-0.800867	-21.9793	-8.57089	-22.0881	-8.49143	-4.22007	2.32043
-21.3133	-12.9283	-3.28361	-0.842087	-22.1914	-7.70392	-22.2975	-8.37258	-4.15437	2.43232
-21.8832	-12.9625	-4.38527	-0.607733	-22.5838	-8.35296	-22.5035	-8.24817	-4.08564	2.5427
-21.6917	-12.9958	-3.23516	-0.660021	-22.3177	-8.57758	-22.7061	-8.11829	-4.01391	2.65145
-22.2692	-13.0193	-4.36486	-0.3864	-22.9861	-7.6724	-22.9049	-7.98301	-3.93923	2.75848
-22.2202	-13.0427	-3.61612	-0.447882	-23.2693	-8.32031	-23.1	-7.84243	-3.86163	2.8637
-22.7962	-13.0553	-4.69045	-0.168437	-23.4777	-7.56583	-23.2911	-7.69663	-3.78118	2.967
-22.5734	-13.0657	-3.41075	-0.207848	-23.473	-7.02103	-23.4781	-7.54572	-3.69792	3.06828
-23.036	-13.0656	-4.20335	0.0822019	-23.5408	-7.36069	-23.6609	-7.3898	-3.61191	3.16746
-22.8733	-13.0632	-3.15919	0.0520167	-24.0505	-6.56968	-23.8393	-7.22897	-3.52321	3.26445
-23.3634	-13.0501	-4.06162	0.344345	-23.9384	-7.26171	-24.0132	-7.06336	-3.43189	3.35916
-23.1631	-13.0346	-2.9319	0.311548	-24.3577	-5.94086	-24.1825	-6.89307	-3.33801	3.45149
-23.6569	-13.007	-3.87592	0.644322	-24.2574	-6.4352	-24.347	-6.71823	-3.24166	3.54138
-23.5699	-12.9767	-3.08957	0.613317	-24.788	-7.18367	-24.5066	-6.53896	-3.14289	3.62873
-23.9341	-12.9339	-3.65575	0.941601	-24.3008	-6.43799	-24.6612	-6.35538	-3.0418	3.71347
-23.6474	-12.8878	-2.34128	0.919523	-24.6108	-6.00878	-24.8107	-6.16764	-2.93846	3.79553
-24.2722	-12.8294	-3.72978	1.26826	-25.146	-5.91902	-24.955	-5.97587	-2.83295	3.87484
-23.9446	-12.7668	-2.29068	1.24806	-24.8975	-5.02285	-25.094	-5.7802	-2.72537	3.95132
-24.4758	-12.6914	-3.42979	1.60373	-25.1941	-5.64372	-25.2276	-5.58079	-2.61581	4.02492
-24.3067	-12.6115	-2.47583	1.59573	-25.5328	-5.4399	-25.3556	-5.37777	-2.50435	4.09557
-24.8488	-12.5181	-3.61966	1.96903	-25.5713	-5.10241	-25.4779	-5.1713	-2.39109	4.16322
-24.4938	-12.4196	-2.1192	1.96057	-25.0178	-6.55904	-25.5946	-4.96152	-2.27613	4.22781
-25.0016	-12.308	-3.2197	2.33374	-25.6952	-4.89995	-25.7055	-4.7486	-2.15956	4.2893
-24.7607	-12.1912	-2.09369	2.32988	-25.8162	-4.40681	-25.8105	-4.53268	-2.04149	4.34764
-25.2632	-12.0603	-3.1831	2.72151	-25.9516	-4.26659	-25.9096	-4.31392	-1.92202	4.40279
-25.3083	-11.9251	-2.86277	2.70794	-26.8953	-4.43966	-26.0027	-4.0925	-1.80125	4.45471
-25.6952	-11.7746	-3.52734	3.11501	-26.1198	-3.67723	-26.0897	-3.86856	-1.67928	4.50337
-25.5305	-11.62	-2.57149	3.09688	-26.5652	-3.85723	-26.1706	-3.64227	-1.55623	4.54875
-25.7813	-11.4497	-2.90155	3.50888	-25.9974	-3.24722	-26.2453	-3.41381	-1.4322	4.59081
-25.4985	-11.2747	-1.70203	3.49837	-26.2976	-3.01078	-26.3138	-3.18332	-1.30729	4.62954
-25.7983	-11.0845	-2.28797	3.91013	-26.1741	-2.87885	-26.376	-2.95098	-1.18162	4.66493
-25.5892	-10.8888	-1.38034	3.90847	-26.4681	-3.44967	-26.4319	-2.71697	-1.05529	4.69696
-26.0292	-10.6787	-2.39956	4.3068	-26.674	-2.73852	-26.4815	-2.48143	-0.928411	4.72562
-25.8277	-10.4633	-1.49723	4.3052	-26.657	-1.72382	-26.5247	-2.24456	-0.80109	4.75091
-26.1819	-10.233	-2.26379	4.70958	-26.6691	-2.17333	-26.5616	-2.0065	-0.673434	4.77284
-25.8604	-9.99723	-1.04382	4.70945	-26.3248	-1.32261	-26.5921	-1.76744	-0.545553	4.79141
-26.1138	-9.7464	-1.59466	5.12135	-26.4671	-1.53207	-26.6161	-1.52753	-0.417552	4.80664
-25.8947	-9.49013	-0.755353	5.12145	-26.4998	-2.19526	-26.6338	-1.28695	-0.289538	4.81852
-26.1748	-9.21901	-1.42041	5.52624	-26.5998	-1.14277	-26.6451	-1.04586	-0.161616	4.8271
-26.1979	-8.94245	-1.28508	5.52907	-27.2008	-1.67679	-26.65	-0.804425	-0.0338883	4.83238
-26.4334	-8.65094	-1.7538	5.93284	-26.7355	-0.59539	-26.6485	-0.562811	0.0935412	4.83439
-26.3677	-8.35455	-1.32232	5.92822	-26.9891	0.0351487	-26.6406	-0.321181	0.220572	4.83317
-26.4399	-8.04289	-1.33369	6.33426	-26.4553	0.0602653	-26.6264	-0.0796947	0.347104	4.82874
-24.2231	-7.725	5.06965	6.33215	-26.9537	0.136943	-26.6059	0.161489	0.473041	4.82116
-24.9351	-7.39397	2.39481	6.73091	-26.6201	0.57588	-26.5792	0.402213	0.598287	4.81045
-22.9935	-7.05303	7.49911	6.77522	-26.8241	0.381506	-26.5462	0.642323	0.722748	4.79667
-24.1148	-6.70092	3.35021	7.16026	-26.7293	1.06082	-26.5069	0.881666	0.846334	4.77986
-22.3029	-6.33755	7.95665	7.21444	-25.9562	2.60409	-26.4616	1.12009	0.968955	4.76007
-23.5397	-5.96419	3.42108	7.58364	-26.3986	1.42212	-26.4101	1.35745	1.09053	4.73737
-22.2026	-5.58038	6.6826	7.63321	-26.5072	-0.563928	-26.3526	1.59361	1.21096	4.71181
-23.5005	-5.18682	2.15161	7.982	-26.3594	1.79315	-26.2891	1.82841	1.33018	4.68345
-22.5292	-4.78512	4.56551	8.00779	-26.3475	1.82827	-26.2197	2.06173	1.44811	4.65235
-23.7344	-4.37334	0.583423	8.33652	-26.2502	2.18481	-26.1444	2.29342	1.56467	4.61859
-23.026	-3.95536	2.48086	8.34573	-26.069	2.27896	-26.0633	2.52336	1.67979	4.58223
-24.0481	-3.52685	-0.704552	8.66286	-26.0641	2.80701	-25.9765	2.75141	1.79339	4.54334
-23.7599	-3.09428	0.192983	8.65256	-26.3234	3.02388	-25.8841	2.97746	1.90543	4.502
-24.5045	-2.65066	-1.90337	8.9563	-25.8345	3.42005	-25.7861	3.20139	2.01582	4.45828
-24.4546	-2.20421	-1.5068	8.93686	-26.1824	3.73376	-25.6826	3.42306	2.12452	4.41227
-24.9406	-1.74747	-2.64755	9.20612	-25.6666	3.63509	-25.5737	3.64239	2.23146	4.36404
-24.8797	-1.28911	-2.11426	9.17885	-25.5773	3.13316	-25.4596	3.85924	2.3366	4.31367
-25.261	-0.821256	-2.8795	9.41993	-25.7492	3.99968	-25.3402	4.07353	2.43989	4.26125
-25.3714	-0.35254	-2.79566	9.38931	-25.3516	3.75691	-25.2157	4.28514	2.54127	4.20686
-25.3333	0.125266	-2.29732	9.60953	-25.0214	4.52803	-25.0863	4.49399	2.64071	4.15058
-25.1732	0.603751	-1.52149	9.58135	-24.2719	4.30917	-24.9518	4.69998	2.73817	4.09251
-25.1716	1.08997	-1.30288	9.77112	-25.0363	4.88499	-24.8126	4.90303	2.83361	4.03273
-25.0825	1.57662	-0.867336	9.74478	-24.3609	4.95947	-24.6686	5.10304	2.92701	3.97132
-24.9004	2.07012	-0.236959	9.90898	-24.5041	5.35293	-24.5201	5.29995	3.01833	3.90839
-24.8807	2.56366	-0.147706	9.88341	-24.4379	5.24592	-24.367	5.49367	3.10754	3.84401
-24.6082	3.06274	0.63395	10.0109	-24.1159	5.61152	-24.2095	5.68414	3.19464	3.77827
-24.6296	3.56148	0.484353	9.98714	-24.5638	4.75836	-24.0477	5.8713	3.27959	3.71127
-24.3551	4.06447	1.18284	10.0811	-23.9153	5.94377	-23.8818	6.05508	3.36239	3.64309
-24.1738	4.56721	1.52758	10.0629	-23.5491	6.44495	-23.7117	6.23542	3.44302	3.57383
-23.934	5.07271	1.98371	10.1238	-23.6471	6.29102	-23.5377	6.41227	3.52148	3.50357
-23.8748	5.57748	1.87083	10.1051	-23.7544	6.53746	-23.3598	6.58559	3.59775	3.4324
-23.5011	6.08432	2.65159	10.144	-23.0099	6.86182	-23.1781	6.75533	3.67185	3.36041
-23.1239	6.59018	3.34055	10.1247	-22.7862	5.74143	-22.9928	6.92146	3.74376	3.28768
-22.8631	7.09639	3.60142	10.1231	-22.6991	7.063	-22.804	7.08393	3.8135	3.21431
-22.5329	7.60112	4.02391	10.1032	-22.418	6.76159	-22.6117	7.24273	3.88106	3.14038
-22.3962	8.10477	3.8441	10.0638	-22.5083	7.31524	-22.4161	7.39782	3.94647	3.06598
-22.09	8.60607	4.16484	10.0378	-22.0543	7.85452	-22.2173	7.54917	4.00974	2.99118
-21.9964	9.10527	3.84566	9.96738	-22.1947	7.69478	-22.0154	7.69679	4.07087	2.91607
-21.6908	9.60187	4.1639	9.94317	-21.6178	9.0351	-21.8105	7.84064	4.12989	2.84074
-21.5433	10.095	3.99423	9.83562	-21.6473	7.94	-21.6026	7.98072	4.18681	2.76526
-21.2292	10.5846	4.31492	9.80654	-21.8637	7.78661	-21.392	8.11703	4.24166	2.68971
-21.0404	11.0689	4.2385	9.64508	-21.0853	7.83229	-21.1787	8.24957	4.29447	2.61417
-20.5015	11.5491	5.15452	9.61635	-20.5503	9.28616	-20.9628	8.37833	4.34526	2.53871
-20.5428	12.0233	4.3257	9.44104	-21.0519	8.50983	-20.7444	8.50333	4.39406	2.46341
-19.8672	12.4926	5.61049	9.4021	-19.9265	9.40847	-20.5237	8.62457	4.4409	2.38835
-19.8184	12.9546	4.96818	9.18938	-20.21	8.68914	-20.3006	8.74206	4.48582	2.31358
-19.2499	13.4117	5.8622	9.1555	-20.2277	8.8532	-20.0753	8.85583	4.52884	2.23919
-19.3694	13.86	4.72185	8.90659	-20.0633	8.86724	-19.848	8.96589	4.57001	2.16524
-18.7343	14.3025	5.8343	8.86674	-19.9264	8.78179	-19.6186	9.07227	4.60937	2.09179
-18.8336	14.7349	4.75503	8.57923	-19.4861	8.96665	-19.3873	9.17499	4.64694	2.01891
-17.9902	15.1605	6.44092	8.53037	-18.5719	10.2069	-19.1542	9.27409	4.68278	1.94666
-18.0485	15.5749	5.39235	8.21241	-18.6786	9.19191	-18.9193	9.36959	4.71692	1.8751
-17.3712	15.982	6.52468	8.1632	-19.2825	8.98189	-18.6827	9.46154	4.7494	1.80429
-17.5662	16.3771	5.09187	7.81925	-18.4242	9.46852	-18.4446	9.54996	4.78028	1.73429
-16.6186	16.7637	7.01366	7.75663	-18.1634	8.72444	-18.2049	9.63492	4.80959	1.66514
-16.8395	17.1375	5.44532	7.3876	-17.7736	9.72478	-17.9639	9.71643	4.83737	1.59691
-15.8305	17.5029	7.48458	7.33074	-17.2296	9.97767	-17.7214	9.79457	4.86368	1.52964
-16.1757	17.8543	5.51552	6.93418	-17.3436	9.88109	-17.4777	9.86936	4.88856	1.46338
-15.2436	18.1964	7.32843	6.86887	-17.1554	10.212	-17.2328	9.94087	4.91205	1.39818
-15.6469	18.5239	5.22571	6.45225	-16.8876	10.145	-16.9868	10.0091	4.93421	1.33408
-14.637	18.8414	7.28984	6.37935	-16.5958	10.1078	-16.7396	10.0743	4.95507	1.27113
-15.1347	19.1436	4.93891	5.94026	-16.5153	10.3091	-16.4915	10.1362	4.97469	1.20937
-14.1069	19.4348	7.08804	5.85827	-16.09	10.5824	-16.2424	10.1952	4.99311	1.14883
-14.6223	19.7096	4.71979	5.38527	-16.006	10.1843	-15.9924	10.2511	5.01039	1.08956
-13.5696	19.9728	6.96359	5.2991	-15.7234	10.41	-15.7416	10.3041	5.02655	1.03159
-14.1312	20.2188	4.48993	4.80158	-15.5699	10.1904	-15.4899	10.3543	5.04166	0.974957
-12.8669	20.4514	7.34278	4.69537	-14.2385	10.9109	-15.2376	10.4016	5.05576	0.919692
-13.4468	20.6668	4.7709	4.19008	-14.9365	10.4722	-14.9846	10.4462	5.06889	0.865828
-12.3203	20.8703	7.20284	4.10299	-14.724	9.63507	-14.7309	10.4882	5.0811	0.813394
-12.915	21.0549	4.61277	3.56711	-14.4088	10.222	-14.4766	10.5276	5.09243	0.762418
-11.765	21.2261	7.12703	3.46525	-13.9005	10.5238	-14.2218	10.5645	5.10293	0.712926
-12.3461	21.3796	4.58704	2.94889	-13.8049	10.9383	-13.9665	10.5989	5.11263	0.664944
-11.22	21.5207	7.03595	2.8573	-13.3956	10.7857	-13.7107	10.631	5.12159	0.618496
-11.844	21.6426	4.39402	2.30993	-13.3556	10.5517	-13.4545	10.6608	5.12983	0.573603
-10.7372	21.7506	6.81324	2.20333	-12.9374	10.8137	-13.1979	10.6884	5.13741	0.530288
-11.4044	21.8402	4.087	1.66936	-12.9591	11.0099	-12.9409	10.7138	5.14436	0.48857
-10.2947	21.9165	6.55259	1.56622	-12.2518	11.2495	-12.6836	10.7373	5.15071	0.448467
-10.9155	21.9733	3.98627	1.00714	-12.3713	10.6091	-12.426	10.7587	5.15651	0.409997
-9.84396	22.0171	6.3579	0.910535	-11.9352	10.9161	-12.1681	10.7783	5.16179	0.373177
-10.4822	22.0418	3.7722	0.371468	-11.9451	11.0515	-11.91	10.7961	5.16658	0.338022
-9.34952	22.0538	6.33621	0.273526	-10.9703	10.9676	-11.6516	10.8121	5.17092	0.304546
-9.99226	22.0463	3.74043	-0.270084	-11.4548	10.9407	-11.393	10.8265	5.17484	0.272761
-9.0363	22.0231	5.8244	-0.409063	-11.3472	10.5111	-11.1342	10.8394	5.17836	0.242681
-9.48299	21.9815	3.82287	-0.959419	-10.6009	10.6823	-10.8753	10.8509	5.18153	0.214317
-8.55027	21.9284	5.83014	-1.03618	-10.6563	10.8369	-10.6161	10.8609	5.18435	0.187679
-9.11606	21.8559	3.50851	-1.56956	-10.4142	10.8747	-10.3569	10.8697	5.18687	0.162776
-8.18457	21.7778	5.5515	-1.57177	-9.90413	11.2255	-10.0976	10.8772	5.1891	0.139618
-8.67647	21.6791	3.46179	-2.08466	-9.83445	11.1032	-9.83809	10.8837	5.19106	0.118212
-7.8976	21.575	5.09256	-2.09105	-10.195	10.3498	-9.57852	10.8891	5.19278	0.0985664
-8.30881	21.4508	3.27941	-2.59216	-9.3066	11.0348	-9.31887	10.8936	5.19428	0.0806865
-7.48111	21.3255	5.0633	-2.54345	-9.2226	10.3527	-9.05915	10.8972	5.19557	0.0645787
-7.85515	21.1791	3.34927	-3.02872	-8.78899	11.0707	-8.79937	10.9001	5.19667	0.050248
-7.09263	21.0353	4.94439	-2.93403	-8.83914	10.0319	-8.53953	10.9023	5.19759	0.0376992
-7.55726	20.8691	3.00254	-3.42074	-8.62045	10.6577	-8.27965	10.9039	5.19835	0.0269359
-6.7773	20.7132	4.68637	-3.22229	-7.91543	11.1157	-8.01974	10.905	5.19896	0.0179617
-6.94274	20.534	3.57153	-3.67637	-7.51971	11.0005	-7.75979	10.9057	5.19942	0.0107791
-6.19323	20.3684	5.10277	-3.44384	-7.25987	10.6458	-7.49981	10.9061	5.19975	0.00539029
-6.4269	20.1789	3.76329	-3.88369	-7.15631	10.815	-7.23983	10.9063	5.19994	0.00179692
-5.86528	20.0082	4.75806	-3.56506	-7.39396	11.0181	-6.97983	10.9064	5.2	-7.84874e-15
